reward:31.472567926681297
init_reward_average:5.6147086846720615
improve:460.5378603630887%